{
 "cells": [
  {
   "cell_type": "code",
   "execution_count": null,
   "metadata": {},
   "outputs": [],
   "source": [
    "ihb_view = [-0.7249870896339417, -0.04072873666882515, 0.6875454187393188, -0.6707531213760376, 0.2684297561645508, -0.691377580165863, -0.1564103364944458, -0.9624112248420715, -0.2219298630952835, -0.0, 0.0, -269.9636535644531, 20.31302261352539, 33.46223068237305, 66.43869018554688, 60.12451171875, 479.80279541015625, -20.0]\n",
    "dep_view = [0.749951958656311, -0.09121650457382202, -0.6551616787910461, 0.6491371393203735, 0.2919062674045563, 0.7024106979370117, 0.12718535959720612, -0.9520608186721802, 0.27813154458999634, -0.0, 0.0, -269.9636535644531, 20.31302261352539, 33.46223068237305, 66.43869018554688, 60.12451171875, 479.80279541015625, -20.0]\n"
   ]
  },
  {
   "cell_type": "code",
   "execution_count": null,
   "metadata": {},
   "outputs": [],
   "source": [
    "clust1_view = [-0.8396398425102234, 0.03471696376800537, 0.542032778263092, -0.5355445742607117, 0.11341676861047745, -0.8368569016456604, -0.09052813798189163, -0.9929404854774475, -0.07663621753454208, -0.0, 0.0, -114.09984588623047, 22.160497665405273, 18.691347122192383, 51.07148361206055, 86.58497619628906, 141.61476135253906, -20.0]"
   ]
  }
 ],
 "metadata": {
  "kernelspec": {
   "display_name": "Python 3",
   "language": "python",
   "name": "python3"
  },
  "language_info": {
   "codemirror_mode": {
    "name": "ipython",
    "version": 3
   },
   "file_extension": ".py",
   "mimetype": "text/x-python",
   "name": "python",
   "nbconvert_exporter": "python",
   "pygments_lexer": "ipython3",
   "version": "3.7.6"
  }
 },
 "nbformat": 4,
 "nbformat_minor": 4
}
